$AIRDOS,GEO_1024_v1,NaI(Tl)-D16x30,1290c40506a2a0924513a000a70420b3
$GBGSV,1,1,00,1*76
$GNGLL,,,,,,V,N*7A
$GNRMC,,V,,,,,,,,,,N,V*37
$GNVTG,,,,,,,,,N*2E
$GNGGA,,,,,,0,00,99.99,,,,,,*56
$GNGSA,A,1,,,,,,,,,,,,,99.99,99.99,99.99,1*33
$GNGSA,A,1,,,,,,,,,,,,,99.99,99.99,99.99,2*30
$GNGSA,A,1,,,,,,,,,,,,,99.99,99.99,99.99,3*31
$GNGSA,A,1,,,,,,,,,,,,,99.99,99.99,99.99,4*36
$GPGSV,1,1,00,1*64
$GLGSV,1,1,00,1*78
$GAGSV,1,1,00,7*73
$GBGSV,1,1,00,1*76
$GNGLL,,,,,,V,N*7A
$GNRMC,,V,,,,,,,,,,N,V*37
$GNVTG,,,,,,,,,N*2E
$GNGGA,,,,,,0,00,99.99,,,,,,*56
$GNGSA,A,1,,,,,,,,,,,,,99.99,99.99,99.99,1*33
$GNGSA,A,1,,,,,,,,,,,,,99.99,99.99,99.99,2*30
$GNGSA,A,1,,,,,,,,,,,,,99.99,99.99,99.99,3*31
$TIME,61.3
$HIST,0,73.0,100080.25,21.94,2.67,-87,0,0,0,1,34275,125,20,3,4,2,4,0,1,1,0,1,2,0,0,0,0,1,0,2,0,0,0
$HITS,22,4801,38,8244,119,9699,26,12520,211,24413,34,24600,53,33393,65,34160,41,42607,27,50467,96,57464,26,61633,107,64264,155,64286,27,65274,34,66794,61,68281,175,69509,192,82702,26,87430,25,89863,65,99728,64
$HIST,1,85.30,100078.25,21.94,2.67,-57,0,0,0,1,34250,134,32,2,4,3,1,3,2,2,6,1,1,0,0,2,0,1,0,0,1,1,1
$HITS,16,5018,26,5047,25,5078,97,7189,29,8467,30,10877,32,17935,31,18972,25,19114,58,24989,35,39483,44,39979,30,40277,44,75638,42,78859,64,81954,52
$HIST,2,97.59,100078.25,21.94,2.67,-43,0,0,0,0,34262,125,24,1,5,1,4,6,3,1,1,2,1,3,2,2,1,0,0,1,0,0,4
$HITS,15,8149,28,10030,228,15144,27,17358,30,20495,68,29187,34,38675,29,49512,58,50879,61,63618,55,65528,28,69619,38,70351,42,77887,37,98678,48
$HIST,3,109.87,100079.00,21.94,2.67,-37,0,0,1,0,34277,121,19,1,4,3,4,4,3,1,0,0,0,1,2,1,0,2,1,0,1,1,0
$HITS,17,14377,28,20069,46,20434,31,23282,119,26066,116,26870,88,28093,54,28670,33,33190,38,38592,41,44431,49,48858,100,50087,48,50124,145,84009,64,85644,34,87660,93
$HIST,4,122.16,100081.25,21.94,2.67,-35,0,0,0,1,34295,103,18,3,2,3,3,2,1,3,1,2,0,1,1,2,2,1,0,1,1,1,0
$HITS,17,4655,55,9064,58,17048,92,23584,33,30500,68,32691,72,33503,39,50931,120,51633,132,55460,31,61529,73,64385,50,65024,28,75131,41,76275,26,93464,56,93601,95
$HIST,5,134.45,100080.25,21.94,2.67,-34,0,0,0,0,34282,118,23,1,2,4,3,1,3,2,1,0,1,1,1,0,1,0,0,1,1,1,0
$HITS,17,971,92,8514,55,19957,35,21636,30,28835,34,30564,79,31893,36,40070,26,43697,30,53500,152,55253,92,55737,130,58792,37,66467,26,73513,53,89355,100,98490,184
$HIST,6,146.75,100082.00,21.94,2.67,-33,0,0,0,0,34288,108,16,4,3,4,2,2,2,1,1,4,1,2,1,0,3,3,0,0,0,0,0
$HITS,19,3451,129,9059,78,13236,30,13266,64,16410,76,19459,120,19906,44,20778,63,29306,50,39038,40,46386,26,48764,36,54087,65,61287,53,83055,37,85285,29,88830,28,92112,32,94461,58
$HIST,7,159.4,100078.25,21.88,2.67,-33,0,0,0,0,34271,129,19,3,2,5,2,0,0,4,4,2,0,1,3,0,0,0,1,2,1,0,0
$HITS,15,591,63,820,37,20637,29,34528,97,40608,39,42707,39,49322,28,49789,25,50528,29,61131,49,63334,131,70146,58,70486,31,71138,41,76655,94
$HIST,8,171.33,100083.00,21.94,2.67,-33,0,0,0,0,34275,117,27,5,3,1,3,3,2,4,1,1,0,0,0,0,0,0,0,1,0,3,0
$HITS,18,6986,95,18444,50,18542,84,26376,81,32480,79,32492,46,36695,68,40192,55,48453,38,50211,36,56137,96,59827,39,61384,33,62395,54,74652,93,85229,39,89716,48,93532,25
$HIST,9,183.62,100079.75,21.88,2.67,-33,0,0,0,0,34277,122,19,7,3,3,1,2,0,2,4,1,0,0,0,0,1,1,0,0,1,1,2
$HITS,17,369,110,12756,39,17046,71,17393,127,20103,176,31421,26,34958,43,36768,57,39099,27,57097,74,60429,59,67685,26,84389,28,86661,32,89934,76,94925,27,95902,25
$HIST,10,195.91,100070.50,21.88,2.67,-33,0,0,0,1,34244,131,30,5,4,2,2,1,1,2,5,2,1,0,4,1,3,0,1,1,1,2,0
$HITS,20,136,30,1373,84,3365,35,4555,95,7616,32,8899,37,11697,81,30741,83,31827,106,42344,33,42811,45,47823,34,58588,70,60354,44,68719,28,78418,44,79036,40,97554,12,98153,90,99444,45
$HIST,11,208.20,100080.50,21.88,2.67,-33,0,0,0,0,34307,104,11,0,3,1,4,2,0,3,4,0,2,0,0,0,1,1,0,1,0,1,2
$HITS,17,13744,26,18113,207,20920,60,29531,50,31668,43,34627,57,35580,75,37558,33,41867,73,59581,130,63384,194,65171,31,85725,93,86169,53,90732,35,92854,26,96657,31
$HIST,12,220.50,100084.75,21.88,2.67,-32,0,0,0,1,34287,109,20,3,4,3,0,1,0,1,1,3,2,0,0,1,0,2,1,4,0,2,0
$HITS,19,108,149,14898,123,15713,59,21452,26,26992,27,27905,46,48532,33,53433,85,57514,45,58594,32,63215,46,70471,193,72118,25,74407,52,79173,42,81905,66,86694,64,88231,31,93870,173
$HIST,13,232.79,100079.25,21.88,2.67,-33,0,0,0,1,34280,123,17,3,2,3,1,1,1,3,3,0,3,1,1,0,0,0,2,0,1,0,0
$HITS,18,3215,47,4771,45,16732,180,22885,37,27309,30,27842,94,29341,36,34766,225,43772,66,50850,26,60414,246,61699,212,64979,41,75920,40,78731,70,86796,85,86870,29,90210,40
$HIST,14,245.10,100083.75,21.88,2.67,-33,0,0,0,0,34263,132,26,4,7,2,3,4,1,2,1,5,0,2,0,0,0,0,0,0,1,1,0
$HITS,10,1298,40,6290,69,7590,26,23440,36,24822,73,72861,72,75606,36,75902,134,78061,43,89605,27
$HIST,15,257.37,100082.00,21.88,2.67,-33,0,0,0,2,34310,99,18,3,5,2,2,1,2,1,0,1,0,0,1,2,0,1,0,0,1,0,0
$HITS,13,20444,59,31628,25,39668,36,48656,96,53101,73,53355,99,56322,45,59740,37,63826,31,73096,119,81666,60,84936,49,89410,71
$HIST,16,269.66,100084.50,21.88,2.67,-33,0,0,0,1,34296,117,16,2,3,4,1,2,0,2,1,1,0,1,1,0,1,0,0,0,2,0,0
$HITS,13,8948,33,38186,25,38259,73,40555,90,44845,82,47399,32,50181,49,50460,33,51997,28,69548,33,93410,34,95643,52,98285,64
$HIST,17,281.94,100087.00,21.88,2.67,-33,0,0,0,0,34274,135,16,1,0,1,1,2,2,0,1,3,1,2,0,3,0,2,0,0,1,1,0
$HITS,18,3053,82,5143,71,21741,38,36128,67,43033,145,49406,42,49745,46,50604,26,56877,39,59140,139,66988,50,68731,58,72981,36,74730,26,75998,36,91718,64,94931,42,98746,37
$HIST,18,294.23,100083.00,21.81,2.67,-33,0,0,0,0,34286,104,20,3,5,3,2,1,3,3,2,1,0,3,1,1,1,1,1,0,3,1,1
$HITS,18,5334,49,12697,37,28797,47,34576,33,37313,56,42330,67,43847,87,45589,54,48915,25,57495,60,68374,38,70123,66,70196,44,71853,58,75839,98,91688,26,92097,35,94592,30
$HIST,19,306.52,100087.00,21.88,2.67,-33,0,0,0,2,34272,122,16,3,3,3,1,3,1,1,2,2,1,2,2,0,0,1,3,0,0,0,1
$HITS,23,8924,45,12756,75,14809,50,19181,38,21189,43,21560,200,33250,83,34297,39,35755,50,39351,61,40507,36,42645,26,48440,34,64599,26,67393,90,70167,32,80328,116,82270,45,82925,30,89496,92,95143,42,95685,46,99387,108
$HIST,20,318.83,100083.00,21.81,2.67,-33,0,0,0,1,34280,119,20,5,1,4,4,0,2,1,0,6,0,0,1,0,1,0,1,1,1,1,0
$HITS,15,1202,44,5647,31,9500,98,22337,40,27156,87,28564,43,40066,101,40480,77,47794,42,55038,52,65764,121,66242,40,86093,36,93010,27,96038,36
$HIST,21,331.11,100085.25,21.81,2.67,-33,0,0,0,1,34254,125,30,3,2,3,7,1,2,3,1,1,3,1,1,1,1,1,1,1,0,0,1
$HITS,20,4545,31,17049,35,17543,43,18339,29,24310,38,29823,185,43055,32,43081,68,44035,41,49461,29,50894,40,59667,47,63964,64,67544,72,69144,152,74864,78,87027,114,87550,54,93036,47,97880,79
$HIST,22,343.41,100080.00,21.81,2.67,-33,0,0,0,0,34256,130,24,8,4,2,2,2,3,3,3,1,4,0,0,0,0,1,1,2,1,0,0
$HITS,17,2616,95,6790,114,8845,44,15427,43,17748,99,36923,75,39733,80,57535,29,60371,50,66190,61,68191,87,81263,93,83485,95,96083,68,96436,25,98559,25,99289,73
$HIST,23,355.70,100082.25,21.81,2.67,-33,0,0,0,0,34293,111,26,2,3,2,2,2,1,0,2,1,1,2,0,2,0,0,0,0,1,0,0
$HITS,13,8639,26,8994,118,10055,74,11771,57,22250,74,27346,34,28662,108,29421,74,42642,59,63098,117,70725,96,76818,39,82477,41
$HIST,24,367.99,100084.25,21.81,2.67,-33,0,0,0,0,34282,119,18,1,2,5,0,1,2,5,0,1,2,0,2,0,3,0,0,0,2,0,0
$HITS,19,3397,33,11284,74,14289,11,18599,35,35699,33,36502,29,37522,31,38378,67,39072,45,46642,101,46650,26,56495,88,56512,33,61337,38,70882,255,74679,74,79348,62,94821,36,97779,55
$HIST,25,380.28,100086.75,21.81,2.67,-33,0,0,0,1,34268,122,27,5,4,2,3,1,4,2,0,0,2,1,1,1,1,0,0,0,0,0,1
$HITS,18,681,77,7245,76,15930,80,32785,34,36342,25,54904,76,58256,34,76731,50,87182,80,87811,66,90723,29,92258,87,92509,38,96294,26,96925,59,97276,47,99634,38,99828,24
$HIST,26,392.57,100087.50,21.81,2.67,-33,0,0,0,0,34276,121,26,1,3,1,6,2,0,0,0,0,1,0,1,0,2,0,1,2,0,0,0
$HITS,21,2450,78,7483,71,14407,96,19461,57,21244,69,27427,28,32124,62,36098,32,42958,68,44616,46,46637,32,49665,31,50341,71,52878,50,60906,141,61014,184,76897,39,82166,162,89813,39,89913,51,95988,46
$HIST,27,404.88,100087.50,21.81,2.67,-33,0,0,0,0,34276,130,18,2,1,2,1,3,4,1,1,2,0,0,0,0,0,0,0,0,0,0,0
$HITS,23,5699,44,12220,33,18024,191,22002,37,27791,79,31263,126,34981,57,36419,70,42133,80,43228,47,52434,79,58939,54,62573,29,64837,39,69159,51,73684,36,75516,26,78505,39,93348,43,93855,36,96492,28,98723,28,98995,47
$HIST,28,417.18,100090.25,21.81,2.67,-33,0,0,0,0,34273,105,30,9,2,2,4,1,2,3,0,2,2,1,1,0,1,0,3,1,1,3,0
$HITS,18,13592,27,16545,30,21323,56,27763,53,30023,27,38319,43,43561,62,45257,69,46337,32,47051,33,52099,50,75934,27,77394,86,86652,68,87723,39,90185,25,92026,33,95902,0
$HIST,29,429.48,100084.50,21.81,2.67,-33,0,0,0,0,34288,92,26,0,5,3,1,2,5,2,0,2,1,0,1,2,1,0,0,0,1,3,1
$HITS,28,5660,80,8421,78,9075,57,11471,70,16296,57,19981,53,20561,70,26229,46,30583,52,30649,29,44205,77,48130,49,56251,25,59341,58,59679,56,61185,47,66625,40,67755,30,68979,41,71490,30,78954,26,82008,32,82444,134,84485,25,89586,34,95012,26,96674,51,98882,75
$HIST,30,441.79,100089.25,21.81,2.67,-33,0,0,0,0,34288,122,16,3,3,1,4,1,2,2,0,0,1,1,0,0,1,1,1,0,0,1,0
$HITS,16,15817,30,23759,58,24187,56,37753,29,38419,56,40279,32,40889,148,45385,95,51960,45,59753,80,65756,31,78732,57,84166,39,88429,64,92150,72,96565,42
$HIST,31,454.9,100086.25,21.81,2.67,-33,0,0,0,2,34237,139,26,5,2,6,2,2,1,3,3,3,1,3,1,0,2,0,3,1,0,0,0
$HITS,22,4896,111,7368,24,14286,143,17956,56,25137,172,28220,28,29730,25,31103,29,31378,25,32987,37,38749,33,53294,43,55973,57,66145,35,68081,56,70570,41,81317,30,86221,32,86684,58,88421,44,90435,49,94684,37
$HIST,32,466.39,100082.50,21.81,2.67,-33,0,0,0,1,34307,100,21,1,3,3,0,0,0,2,1,1,3,0,0,0,2,0,2,1,0,1,1
$HITS,14,2272,29,7259,51,9580,33,10908,85,21476,48,34365,60,39943,36,43772,60,60940,100,61141,32,66294,58,83069,31,86265,66,92030,98
$HIST,33,478.67,100085.00,21.81,2.67,-33,0,0,0,0,34236,144,22,5,8,2,5,0,1,3,3,2,1,4,3,0,1,0,0,0,0,0,0
$HITS,24,2310,178,4597,36,6413,97,6653,94,8405,57,11432,30,13763,44,14073,31,17665,70,19523,41,22733,28,25942,63,27033,33,27634,49,30204,56,45551,25,45703,64,49646,80,58664,58,68033,27,79874,33,84891,25,89451,112,92208,63
$HIST,34,490.98,100081.50,21.75,2.67,-33,0,0,0,2,34276,124,21,4,3,4,3,2,1,4,2,1,0,0,0,0,1,0,2,0,0,0,0
$HITS,14,1835,44,3990,54,6010,44,7479,58,12297,44,24646,40,26355,35,26800,56,39353,76,50231,38,60837,37,77483,36,94339,25,99015,27
$HIST,35,503.25,100084.00,21.75,2.67,-33,0,0,0,2,34275,103,28,2,2,5,5,3,3,5,2,2,2,2,0,0,2,1,0,0,0,0,2
$HITS,18,260,27,2824,36,9015,86,21862,68,23288,34,25728,32,26814,29,28782,31,31437,27,36714,42,49021,114,55933,47,79957,31,83828,69,86292,31,95763,37,98264,53,98940,65
$HIST,36,515.55,100086.00,21.75,2.67,-33,0,0,1,3,34276,118,19,4,1,2,0,2,4,1,1,2,1,0,1,1,0,0,1,1,0,0,1
$HITS,24,2598,91,4098,78,9315,28,12411,47,18874,51,26548,26,36661,37,43009,65,48021,64,49430,53,56007,44,57673,25,58635,145,61426,42,66517,58,66541,44,69839,34,69988,64,74704,73,79515,37,79709,71,91757,53,93036,30,96628,36
$HIST,37,527.85,100084.00,21.75,2.67,-33,0,0,0,1,34255,137,31,1,2,3,3,4,2,1,2,1,2,0,0,0,1,0,0,0,1,0,0
$HITS,17,13626,93,14001,58,17762,41,22998,44,25057,94,35439,49,46406,62,63596,26,67887,27,68107,140,69687,28,72358,60,78895,33,81253,66,94909,28,95261,52,97141,25
$HIST,38,540.14,100086.25,21.75,2.67,-33,0,0,0,2,34267,129,22,1,3,3,3,2,2,2,0,3,1,1,0,0,0,1,0,0,1,0,1
$HITS,20,8469,25,13009,25,16397,6,23213,53,27893,96,29962,65,35995,62,36288,50,36717,85,42210,96,59640,26,60583,121,61988,54,69293,37,72250,27,88766,37,93252,104,96218,28,96644,38,98634,26
$HIST,39,552.43,100082.00,21.75,2.67,-33,0,0,0,0,34301,107,16,5,2,3,0,0,1,3,0,0,0,1,2,1,1,0,2,0,3,1,3
$HITS,12,343,11,7092,191,10726,29,26681,40,30355,65,32872,30,53182,28,54602,51,70642,43,84985,46,92469,34,94508,45
$HIST,40,564.71,100085.00,21.75,2.67,-33,0,0,0,0,34255,141,21,1,2,0,1,0,2,1,3,1,0,2,0,1,3,1,1,1,1,0,0
$HITS,26,5304,72,17947,49,18509,72,19949,51,21621,55,25160,81,28163,93,37621,38,43628,129,50262,46,52075,48,53400,37,54997,105,57185,39,65560,78,67588,93,70859,32,75372,59,87299,81,91290,77,91692,48,91866,67,93229,50,93339,27,97780,67,99732,25
$HIST,41,577.2,100083.50,21.75,2.67,-33,0,0,0,1,34267,115,27,4,3,7,1,0,3,0,2,1,3,4,2,0,0,2,0,1,0,0,1
$HITS,20,2511,42,3708,40,10180,95,13770,35,14723,105,16543,249,21178,25,28942,96,36198,45,41988,83,41993,45,47466,32,47815,59,51467,29,52497,66,53533,31,69289,102,76644,61,84121,34,85853,30
$HIST,42,589.32,100081.25,21.75,2.67,-33,0,0,0,1,34260,117,22,5,1,2,2,2,1,1,2,1,0,3,2,1,2,2,0,1,0,2,0
$HITS,34,30,109,5369,49,11707,108,12784,55,15221,56,17495,25,20796,53,24574,39,24988,43,27930,37,36904,92,37850,28,40794,26,41823,55,44677,97,45308,93,46006,33,46396,32,51057,46,51417,27,55251,25,55630,95,57267,28,62087,192,66110,28,67075,36,69405,44,72222,57,78609,78,82681,38,84097,98,85277,28,86536,50,96282,47
$HIST,43,601.66,100079.00,21.75,2.67,-33,0,0,1,0,34285,115,27,5,2,3,2,1,2,0,0,2,1,1,0,0,0,1,0,1,0,0,0
$HITS,15,4098,27,8823,37,15683,97,22871,60,30784,73,31779,41,34049,50,36359,55,38988,119,45339,92,61059,60,66797,39,81090,125,96053,56,99906,80
$HIST,44,613.94,100079.25,21.75,2.67,-33,0,0,0,0,34272,122,21,8,6,3,2,4,1,1,1,1,2,2,0,1,0,0,1,1,0,0,0
$HITS,15,3938,79,20966,57,21494,103,32169,37,45238,106,45726,101,51121,34,59382,62,61871,47,73132,77,73342,102,80992,31,81467,26,92621,45,95223,126
$HIST,45,626.23,100079.00,21.75,2.67,-33,0,0,0,0,34256,141,17,3,1,3,3,4,2,3,2,1,1,2,1,1,0,0,1,2,0,0,1
$HITS,19,8065,27,13318,68,17993,174,27601,32,29236,88,33630,59,38004,29,38357,28,42091,97,45382,48,50452,34,58424,76,78865,32,83628,135,85405,27,87962,31,92554,42,95007,47,98905,34
$HIST,46,638.52,100078.75,21.75,2.67,-33,0,0,0,0,34262,123,26,7,6,4,1,1,0,0,1,4,1,2,1,2,1,1,0,1,0,2,0
$HITS,18,1800,28,10732,41,22331,48,35276,57,37108,36,38577,90,48756,25,51175,39,70163,151,70876,53,80391,133,81801,25,85670,34,86621,21,87410,26,87413,33,94766,122,98726,53
$HIST,47,650.81,100079.75,21.75,2.67,-33,0,0,0,2,34293,103,20,2,4,3,4,0,1,2,0,2,1,0,3,1,1,1,0,3,0,1,0
$HITS,17,2376,42,5359,67,9400,30,11812,92,12668,58,20697,42,23471,34,27834,73,29670,81,34055,45,52370,28,56748,18,64022,108,71847,62,76505,32,91048,86,95427,25
$HIST,48,663.10,100082.50,21.75,2.67,-33,0,0,2,0,34262,121,22,5,3,5,3,2,2,2,2,1,2,0,2,2,1,2,1,0,2,0,0
$HITS,20,1044,115,2335,88,4783,48,12211,32,28132,100,31177,70,36002,42,39542,26,59569,65,62785,42,64377,49,64804,33,65013,26,65676,33,66572,26,69088,61,72105,83,72235,26,84455,35,91156,30
$HIST,49,675.39,100080.25,21.69,2.67,-33,0,0,0,0,34267,119,30,1,5,6,3,1,3,3,0,1,0,2,0,0,0,0,1,1,1,2,0
$HITS,18,371,41,3507,25,7142,36,14378,32,15821,54,16316,106,22383,29,34746,28,35528,25,42676,27,51632,68,56161,34,68843,34,69178,61,77560,50,78632,28,89901,25,97861,253
$HIST,50,687.69,100077.50,21.69,2.67,-33,0,0,0,1,34247,130,28,4,2,3,3,2,1,4,1,2,3,0,1,2,0,0,4,0,1,0,2
$HITS,23,193,52,2842,27,6327,37,7672,27,10420,64,13845,65,18713,66,19649,31,30059,93,33566,192,35104,82,41301,87,43151,130,45311,29,65831,41,68535,28,70137,93,71742,162,75807,94,83925,195,86810,107,89041,230,96130,45
$HIST,51,699.99,100081.50,21.69,2.67,-33,0,0,1,1,34264,121,21,4,6,3,4,0,1,2,2,5,2,1,1,1,0,2,0,0,1,1,1
$HITS,19,6599,35,16679,43,22245,61,22743,88,24037,27,26114,59,39346,40,43387,36,45997,47,46541,40,46875,156,46888,25,56851,237,57224,27,69645,27,77688,77,82492,109,95088,36,95959,48
$HIST,52,712.28,100079.75,21.69,2.67,-33,0,0,0,1,34269,117,23,6,0,1,4,6,5,1,1,5,0,1,1,0,0,1,1,0,1,0,1
$HITS,19,1028,45,6769,192,6828,88,10846,57,23160,31,31019,90,51002,42,55316,62,55772,31,64424,41,66226,76,67814,47,68176,107,71100,37,72221,79,76537,26,78201,75,83649,41,93866,37
$HIST,53,724.59,100079.75,21.69,2.67,-34,0,0,0,0,34291,104,22,9,4,0,1,1,0,0,0,2,2,3,0,1,0,1,2,1,0,1,1
$HITS,18,7113,34,12599,36,15103,26,15321,40,21805,104,29419,35,41167,63,46046,49,51683,38,63680,46,66427,51,70224,54,72432,25,75727,39,78873,30,79151,29,88366,68,98074,45
$HIST,54,736.88,100074.50,21.69,2.67,-33,0,0,0,0,34286,116,30,2,1,1,1,2,1,0,3,2,1,0,0,1,4,0,0,1,1,0,0
$HITS,11,5722,34,13674,53,21768,31,27470,41,44239,44,47160,67,48583,60,51075,101,81675,77,90026,98,97891,25
$HIST,55,749.14,100074.00,21.69,2.67,-33,0,0,0,1,34281,109,26,3,2,2,4,3,0,1,0,1,0,1,2,1,2,0,2,1,1,2,0
$HITS,19,9863,41,10321,25,23074,48,29865,95,35135,37,39578,36,40590,27,40607,40,41197,25,45509,41,55660,50,57768,33,61657,29,62115,75,74897,56,76908,101,78139,79,83460,136,99077,191
$HIST,56,761.44,100071.25,21.69,2.67,-33,0,0,1,0,34291,120,22,3,0,2,0,2,1,3,1,3,0,0,1,0,1,0,0,0,0,0,1
$HITS,12,16737,73,16825,56,20514,25,22645,61,50918,31,52335,108,57086,45,71466,27,80162,51,82476,52,87301,27,89720,27
$HIST,57,773.71,100074.75,21.69,2.67,-33,0,0,1,0,34286,112,23,1,6,1,4,1,2,2,4,1,1,2,0,2,0,0,0,0,0,1,1
$HITS,13,24191,56,33372,29,43938,83,54445,65,57654,26,59257,59,74623,49,75534,25,76959,184,80777,69,83996,34,95466,42,98669,36
$HIST,58,785.98,100077.25,21.69,2.67,-33,0,0,0,1,34279,114,23,1,3,3,4,2,2,3,4,0,0,0,2,0,1,0,0,0,0,0,0
$HITS,22,5179,26,5611,93,7185,67,20433,133,27965,48,28880,32,42454,69,46969,49,50525,26,53985,26,56605,25,59578,163,65294,30,66874,68,72047,32,72485,82,77111,73,84172,82,84730,71,90784,86,98953,87,99118,61
$HIST,59,798.28,100074.00,21.69,2.67,-33,0,0,0,0,34283,118,12,7,6,4,1,1,0,1,1,0,2,2,0,3,1,1,0,0,1,1,1
$HITS,18,5360,49,5828,64,7543,26,15350,42,23094,113,30120,34,41032,74,47911,53,53209,41,61304,100,62714,39,64147,29,68670,49,74419,36,82678,35,82808,38,83253,49,89889,74
$HIST,60,810.57,100073.75,21.69,2.67,-33,0,0,0,1,34287,122,21,3,4,0,3,1,0,1,2,1,1,0,1,0,1,1,1,1,0,1,0
$HITS,11,11124,28,24280,49,25466,33,27611,83,37040,199,58264,28,60633,50,68170,28,78424,29,83436,54,90892,46
$HIST,61,822.84,100076.75,21.69,2.67,-33,0,0,1,0,34296,109,22,3,4,1,2,0,0,0,1,1,1,1,2,0,0,0,1,0,0,2,0
$HITS,17,3990,40,14056,32,15759,46,19958,33,30615,50,32501,32,32932,68,33249,160,36461,58,39106,92,48310,98,49783,31,67530,91,68575,34,70150,72,71649,33,84985,32
$HIST,62,835.14,100075.00,21.63,2.67,-33,0,0,0,1,34257,130,21,4,2,6,1,5,3,3,2,3,1,2,2,2,0,1,0,0,1,0,0
$HITS,17,673,82,4345,128,24431,53,25911,65,26488,73,33965,103,59838,67,63053,246,71949,33,73009,27,79373,41,80856,63,82808,36,83584,85,95764,31,98089,31,99225,32
$HIST,63,847.42,100072.25,21.63,2.67,-33,0,0,0,2,34262,120,23,4,2,4,1,5,4,2,2,3,2,2,1,0,0,2,2,0,0,0,1
$HITS,20,199,77,1203,35,7287,32,9007,110,11876,80,14839,30,16249,117,20414,32,21564,54,23207,25,23567,145,25756,33,38284,25,43579,54,51447,100,56857,37,57245,32,77448,203,77806,27,89272,214
$HIST,64,859.71,100071.75,21.63,2.67,-34,0,0,0,1,34271,125,20,5,4,3,3,2,2,1,0,4,0,1,0,1,3,0,1,0,0,0,0
$HITS,17,3702,39,4188,97,4262,91,4609,30,9999,30,13842,77,16297,34,17988,32,21012,43,27219,29,32173,186,43657,45,51322,51,57455,55,76049,47,81560,94,84238,60
$HIST,65,872.0,100072.00,21.63,2.67,-33,0,0,1,1,34268,121,23,2,2,5,3,1,4,1,0,2,0,2,0,2,1,0,0,0,1,0,0
$HITS,24,10756,43,13173,28,23960,48,25622,90,27006,33,29836,95,31104,25,31716,76,34452,73,34477,58,38772,108,41354,37,44535,50,50632,67,54380,73,59101,58,59235,100,66302,48,80118,42,83819,36,87032,27,88178,33,89157,191,90354,40
$HIST,66,884.31,100074.50,21.63,2.67,-33,0,0,0,3,34254,123,37,4,3,3,2,1,0,3,1,3,0,3,1,1,1,1,1,2,2,0,0
$HITS,15,2056,27,7032,69,7540,34,21431,39,29494,43,35690,33,42625,28,52910,32,66505,46,74632,50,81060,57,81281,32,82480,65,89653,41,96167,42
$HIST,67,896.59,100075.25,21.63,2.67,-33,0,0,0,0,34268,124,18,3,6,2,1,3,1,1,0,0,0,0,3,3,0,2,2,0,0,2,0
$HITS,25,6247,46,9602,144,11746,145,13950,41,14390,32,15948,55,26005,55,31993,225,34234,38,34428,19,39593,61,45016,53,48579,30,50500,33,58184,61,62572,79,65175,38,67456,35,68275,203,70030,38,70395,44,71231,29,71928,179,81238,2,92652,110
$HIST,68,908.89,100076.00,21.63,2.67,-34,0,0,0,0,34282,121,25,4,2,1,2,0,2,1,3,3,2,2,0,0,3,1,0,0,1,0,1
$HITS,8,7635,28,42749,37,53776,97,58656,185,64128,54,76376,145,86537,40,87592,84
$HIST,69,921.16,100071.00,21.63,2.67,-33,0,0,1,1,34271,113,26,3,4,4,2,0,1,1,1,2,3,2,2,1,1,0,1,1,0,3,0
$HITS,20,943,29,5298,74,7508,36,7980,70,16206,25,24033,64,24068,53,26127,83,26207,78,27804,77,29196,60,30084,55,53956,64,60611,32,65148,29,65864,98,67823,36,72096,31,80360,27,94978,25
$HIST,70,933.45,100076.00,21.63,2.67,-33,0,0,0,0,34283,105,31,3,1,5,2,0,4,2,1,1,1,1,1,0,0,1,1,2,0,0,0
$HITS,19,599,51,17526,40,29292,56,33795,60,41976,79,48133,80,52394,49,54026,79,54224,29,56214,26,62906,27,66178,37,67363,31,70625,37,77403,58,82713,39,85598,46,96097,53,99123,70
$HIST,71,945.75,100072.00,21.63,2.67,-33,0,0,0,0,34284,123,19,4,3,0,3,0,1,5,4,0,1,2,0,0,1,0,1,0,0,0,0
$HITS,13,2281,46,7848,29,17622,89,20442,49,23595,46,24149,37,54973,80,64854,76,86282,48,87827,75,88508,84,91391,27,93442,43
$HIST,72,958.5,100078.75,21.63,2.67,-33,0,0,0,0,34268,121,30,8,1,2,2,2,3,0,2,2,0,0,2,0,1,1,0,1,0,1,0
$HITS,17,6011,31,7957,33,10748,38,29029,96,37807,30,48614,74,64954,38,65705,26,66954,47,73725,79,75717,77,75845,70,83352,45,87107,58,88662,78,99266,69,99690,55
$HIST,73,970.34,100075.00,21.63,2.67,-33,0,0,0,0,34247,129,30,4,5,4,1,2,3,5,2,2,3,2,2,0,3,1,1,1,1,0,0
$HITS,16,14073,53,25814,59,47648,83,48671,56,48675,30,49321,34,50759,35,57723,26,57894,60,60583,25,63515,234,74178,62,79638,45,82615,27,85814,31,97655,33
$HIST,74,982.62,100071.75,21.56,2.67,-33,0,0,0,0,34263,126,25,9,3,4,1,0,1,0,2,4,3,0,0,0,1,2,1,0,0,2,2
$HITS,15,14501,25,20494,25,26432,59,28355,172,29998,50,36347,48,41715,26,43404,36,50149,44,63023,77,66713,34,73638,46,73844,28,83743,164,92583,41
$HIST,75,994.89,100072.50,21.56,2.67,-33,0,0,1,2,34283,115,27,2,3,3,2,0,1,3,1,2,3,0,1,0,1,1,1,1,0,0,0
$HITS,11,5532,27,40524,35,48532,70,58793,54,68844,78,69876,32,71679,66,79733,103,85339,42,86924,38,98545,99
$HIST,76,1007.16,100074.50,21.56,2.67,-33,0,0,0,0,34247,132,27,5,4,1,1,2,1,2,3,2,0,2,1,4,2,0,0,0,1,1,0
$HITS,26,7622,46,8693,27,10361,27,12046,59,13130,32,16303,51,21196,42,28352,36,32516,41,40554,123,45407,47,46537,35,49473,53,52807,70,68010,26,70336,52,72172,28,73396,36,75131,71,81689,121,83990,28,89012,108,92208,43,93937,41,94611,53,98121,74
$HIST,77,1019.46,100070.25,21.56,2.67,-34,0,0,0,2,34267,115,32,4,6,3,5,1,0,0,0,5,0,0,2,2,2,0,0,1,1,0,1
$HITS,15,12534,33,25423,40,31105,28,35358,32,42560,213,59262,25,61506,107,64017,53,67366,79,72426,128,75003,27,75341,177,78200,59,83478,32,89812,42
$HIST,78,1031.74,100075.50,21.56,2.67,-33,0,0,0,1,34258,117,33,5,2,5,4,4,0,2,0,1,3,0,0,0,2,0,1,0,1,3,0
$HITS,22,1941,27,6264,8,11495,45,13433,39,15740,46,20440,26,21889,62,24346,28,28248,69,34449,32,42657,27,58156,57,62110,51,67407,28,69340,28,70822,28,75656,40,79337,96,83299,49,84308,90,86817,28,90497,26
$HIST,79,1044.4,100072.00,21.56,2.67,-33,0,0,0,1,34308,86,17,2,2,3,2,4,1,2,2,2,4,2,2,0,2,0,0,0,1,1,2
$HITS,18,52,92,9109,90,12445,47,13342,79,20422,35,23063,104,28037,53,34097,40,44252,55,57693,53,60830,25,77146,69,78487,37,78585,32,81982,59,83458,56,95951,38,98422,219
$HIST,80,1056.32,100073.50,21.56,2.67,-33,0,0,1,1,34267,120,32,3,4,3,0,2,1,2,2,0,2,2,2,0,0,1,0,0,1,0,1
$HITS,17,3922,115,13710,47,15113,38,16699,55,23148,65,34113,29,35193,55,40512,222,44491,98,44943,27,53144,51,61802,228,63110,52,75927,44,76471,91,79288,59,97836,129
$HIST,81,1068.61,100070.50,21.56,2.67,-33,0,0,0,0,34262,121,20,4,4,3,3,2,2,4,3,0,0,2,2,0,0,1,2,0,1,0,2
$HITS,26,2343,28,7123,75,13135,145,22248,57,31006,122,40194,93,41398,41,46250,74,48806,42,51101,148,54340,68,59383,39,72808,26,81333,38,82115,28,82356,57,83261,30,84801,29,88224,54,88949,66,92809,36,94165,51,94837,45,96938,89,97597,49,99771,26
$HIST,82,1080.92,100069.75,21.56,2.67,-34,0,0,1,1,34258,120,16,6,5,3,2,4,4,4,1,3,1,0,2,0,3,3,0,2,1,0,2
$HITS,22,4271,28,5881,96,6116,25,6959,36,14195,74,15113,34,18399,82,22859,98,26348,35,32558,43,34060,45,38591,31,43734,52,46500,45,49339,48,56140,68,59832,32,64038,26,74115,47,77929,89,81168,100,93943,159
$HIST,83,1093.22,100069.00,21.56,2.67,-34,0,0,0,1,34289,117,23,2,7,6,1,0,1,2,2,0,0,1,3,0,0,1,0,0,1,0,0
$HITS,7,26361,26,70204,25,81504,91,85223,30,85706,36,91415,52,98995,163
$HIST,84,1105.48,100071.50,21.56,2.67,-33,0,0,0,0,34270,121,21,4,3,4,2,1,2,1,2,2,0,0,1,1,2,0,0,1,0,2,0
$HITS,24,9913,25,11630,25,13490,97,15964,48,18912,99,19697,51,29566,39,33582,52,36281,31,38424,30,38771,57,40253,29,41530,76,45276,91,45708,155,47605,75,48998,52,58019,36,78408,25,79820,35,90976,172,92752,80,94999,76,98652,101
$HIST,85,1117.77,100077.00,21.56,2.67,-34,0,0,1,1,34315,96,14,2,2,3,2,2,1,0,0,1,0,2,2,0,1,0,1,1,1,0,0
$HITS,16,11720,33,19321,67,25297,97,28850,51,29227,53,33778,136,36597,50,39893,25,45329,39,54848,42,56557,51,60211,161,62181,107,67340,32,82489,40,91759,49
$HIST,86,1130.6,100072.00,21.50,2.67,-33,0,0,0,0,34256,134,31,3,0,2,0,2,2,1,2,2,1,0,1,0,0,1,0,2,1,1,0
$HITS,22,9183,97,12041,48,22545,34,22846,37,24842,56,40863,36,52011,34,53383,46,58663,67,61486,42,68935,68,72246,36,76220,27,77611,35,78855,39,78861,29,79953,133,81388,76,90946,41,91483,29,93955,105,95024,57
$HIST,87,1142.35,100067.50,21.50,2.67,-34,0,0,0,1,34289,125,16,1,3,0,1,1,3,0,0,1,0,2,0,1,1,1,1,1,1,1,0
$HITS,14,6303,28,7186,49,16815,70,24854,103,25529,37,32802,53,37550,59,40705,28,46595,42,49517,35,67547,56,71493,36,81669,85,96673,31
$HIST,88,1154.63,100069.00,21.50,2.67,-33,0,0,1,0,34277,115,30,3,2,0,1,3,0,2,3,3,1,0,0,0,0,0,1,1,1,1,0
$HITS,19,7624,86,8187,36,8773,47,10273,32,17641,54,18409,34,30808,99,31727,82,37975,33,55082,32,59943,50,73284,46,73781,42,74685,61,76531,48,79539,212,85479,53,98912,87,99291,63
$HIST,89,1166.92,100069.75,21.50,2.67,-34,0,0,0,3,34294,101,20,5,1,2,3,1,1,1,3,4,3,0,2,0,1,1,1,0,0,1,1
$HITS,15,2708,42,7825,38,20019,95,29582,36,30588,27,36651,45,40170,60,41579,128,48303,32,53927,84,70200,34,71382,50,79468,73,85069,85,97267,48
$HIST,90,1179.19,100070.75,21.50,2.67,-34,0,0,0,2,34250,121,26,8,8,2,8,2,2,1,2,4,1,1,1,1,2,1,0,1,0,0,2
$HITS,18,14387,61,20978,29,21962,77,25511,55,26234,44,30878,56,33880,25,38417,30,43527,26,51144,30,54807,32,57150,37,64565,90,65561,40,67501,6,74033,44,83353,66,93217,28
$HIST,91,1191.48,100068.50,21.50,2.67,-34,0,0,0,1,34253,133,28,0,4,4,2,1,4,1,4,1,3,1,1,1,2,0,1,1,0,1,1
$HITS,16,22445,98,25095,60,26761,34,37621,60,38025,42,39816,69,41363,35,52622,39,56207,46,64234,31,68125,45,71459,165,75859,69,76391,82,89678,33,92585,56
$HIST,92,1203.76,100075.25,21.50,2.67,-34,0,0,0,0,34273,120,19,5,2,2,2,3,3,2,3,1,1,2,0,1,1,1,1,0,0,1,0
$HITS,21,3106,57,9875,29,10294,39,10538,41,17695,33,21070,66,21886,45,38093,31,39897,54,43903,68,51673,27,55183,59,58904,31,59696,36,62915,26,71797,83,71962,48,77600,26,88530,61,90204,42,98199,68
$HIST,93,1216.5,100070.50,21.50,2.66,-34,0,0,0,1,34272,120,25,5,3,2,3,2,1,2,1,3,1,0,0,0,0,2,2,0,2,1,0
$HITS,16,4093,42,6461,82,19780,29,21977,35,25740,69,46028,142,53556,59,55165,62,61238,68,61245,37,69433,58,71952,32,74507,27,74553,66,83030,32,83500,37
$HIST,94,1228.34,100070.25,21.50,2.67,-34,0,0,0,0,34254,134,32,5,1,4,1,1,0,1,4,2,0,2,1,1,1,1,0,2,0,2,0
$HITS,15,2469,52,36015,157,44828,42,53883,28,54110,27,54118,56,56911,29,57018,42,62111,191,65722,44,66804,26,68900,58,72855,25,81131,64,82123,53
$HIST,95,1240.61,100067.75,21.50,2.66,-34,0,0,0,1,34266,122,26,4,4,2,4,3,4,2,0,1,3,0,2,0,0,2,0,2,0,0,0
$HITS,16,1289,32,7990,180,15340,102,26702,67,27487,160,33017,72,37094,40,37681,31,37918,59,65817,50,69441,95,77634,48,81343,26,86631,66,91090,43,92387,238
$HIST,96,1252.89,100069.25,21.50,2.66,-33,0,0,0,0,34287,98,25,6,5,4,4,2,1,5,2,3,1,2,2,1,0,0,0,2,0,1,1
$HITS,12,2402,217,11895,32,19893,58,19997,52,21287,42,44839,44,45460,206,51378,34,59356,31,65936,26,71808,58,93237,72
$HIST,97,1265.16,100063.75,21.44,2.67,-33,0,0,0,1,34265,123,24,5,5,3,4,1,1,1,0,0,0,5,0,0,0,2,2,0,0,0,0
$HITS,22,7049,34,10114,55,13536,76,18736,68,20771,49,24194,56,29437,38,30343,25,30778,28,31766,30,38791,53,39686,58,50273,164,52778,26,57462,76,69241,79,71559,76,83902,93,84812,32,88789,76,90612,237,99502,45
$HIST,98,1277.46,100068.50,21.50,2.66,-33,0,0,0,0,34290,105,22,2,3,3,3,3,1,3,3,1,0,0,0,0,0,1,1,2,0,1,1
$HITS,19,889,57,14503,84,23070,27,27498,35,27910,34,31555,32,35573,56,42128,51,48744,56,52946,166,56385,34,56746,54,58488,35,59134,31,60890,117,69391,179,73700,29,80934,50,87160,84
$HIST,99,1289.75,100067.00,21.44,2.66,-33,0,0,0,2,34279,106,26,5,1,0,3,4,1,2,1,4,0,3,1,0,1,2,2,0,0,3,0
$HITS,18,3075,48,3513,26,7761,26,9504,31,10648,65,11260,49,20756,81,25774,36,43308,49,47384,44,60667,53,62706,55,66981,54,80980,56,82297,32,90912,58,93666,39,99427,67
$HIST,100,1302.3,100068.00,21.44,2.66,-33,0,0,0,0,34288,119,17,2,2,2,2,1,2,2,1,2,1,2,0,2,0,0,0,0,0,1,1
$HITS,17,787,68,5576,52,12122,31,12638,34,15920,41,16103,33,28298,29,33783,28,41840,128,49588,36,66691,37,77785,109,78332,31,79365,28,80872,33,87421,38,96851,26
$HIST,101,1314.33,100063.75,21.44,2.66,-33,0,0,0,1,34270,128,15,5,2,5,3,1,0,1,0,2,0,1,0,2,1,0,0,2,0,2,2
$HITS,21,3878,44,10302,241,10847,94,21806,31,22064,70,26138,42,26825,73,27374,102,27411,35,28647,26,32545,78,37256,72,43324,36,50751,54,62424,39,65568,51,71072,75,72787,29,74111,32,81264,32,87513,33
$HIST,102,1326.62,100068.00,21.44,2.66,-33,0,0,0,0,34283,102,28,6,3,1,3,1,0,3,1,2,1,2,1,0,3,1,1,0,2,0,0
$HITS,20,3556,53,8834,25,18283,48,19751,46,24639,52,25562,74,29526,25,30827,46,42311,64,46276,81,53561,31,56200,91,57933,36,60978,33,69480,61,72496,72,82656,72,83256,59,86001,28,98571,43
$HIST,103,1339.22,100064.75,21.44,2.66,-33,0,0,0,1,34270,125,27,4,5,5,0,2,4,1,2,1,0,2,0,0,2,0,2,0,0,0,1
$HITS,10,7559,53,12972,26,18383,66,20976,56,21699,50,39673,25,82651,55,86853,65,88631,28,90840,46
$HIST,104,1351.48,100065.25,21.44,2.66,-33,0,0,0,0,34255,123,24,9,2,0,4,3,2,1,3,2,2,3,1,3,0,1,0,2,0,1,1
$HITS,22,23284,29,27407,131,29379,26,31473,96,33398,25,36470,92,36813,42,43070,79,44412,36,46518,37,48381,31,51361,55,66086,32,69100,123,70722,75,71381,32,80085,175,81333,27,81549,71,90373,63,94999,130,99136,56
$HIST,105,1363.78,100064.75,21.44,2.66,-33,0,0,0,1,34273,115,20,4,1,3,1,0,0,4,2,1,3,1,1,3,2,1,2,0,0,0,0
$HITS,26,3133,39,13903,56,21628,25,29448,62,32333,50,32742,54,33771,86,34595,71,35241,86,45274,35,46789,55,53371,82,56585,68,58477,91,61295,55,61738,47,67182,46,69708,27,71077,82,74115,79,82153,124,94633,34,95015,25,95656,27,96546,59,97181,49
$HIST,106,1376.10,100062.25,21.44,2.66,-33,0,0,0,1,34288,95,23,5,6,2,4,2,0,0,1,1,2,2,0,3,1,1,0,0,0,1,1
$HITS,25,3612,31,4460,108,6735,34,10360,39,11580,73,19629,37,22800,32,25217,38,27484,66,33210,47,37052,37,44852,100,57522,63,61936,35,65480,36,68811,32,74205,62,84668,57,87904,25,90231,27,91424,27,93343,45,94724,59,98906,90,99724,33
$HIST,107,1388.41,100061.75,21.44,2.66,-33,0,0,0,0,34297,93,26,2,3,3,3,0,1,1,1,0,2,0,1,1,0,0,1,0,2,1,0
$HITS,26,764,39,3776,85,10779,33,17400,70,26097,26,29959,30,44491,35,46203,27,50075,118,52622,72,53019,33,56262,57,57016,40,59224,98,59657,32,62811,45,63578,71,70939,117,74513,43,75696,63,79687,25,84534,77,87712,86,93825,26,96523,96,98845,33
$HIST,108,1400.72,100063.00,21.44,2.66,-33,0,0,1,0,34271,128,22,5,4,3,1,0,1,4,1,1,0,2,0,0,0,0,1,0,1,0,0
$HITS,18,967,34,3427,62,5838,70,6483,104,34709,37,36636,57,40870,78,44592,93,44982,34,46646,51,50594,33,53209,209,57818,67,61223,33,79461,29,79765,34,80046,68,83736,55
$HIST,109,1413.1,100058.00,21.38,2.66,-33,0,0,0,0,34262,129,30,3,2,1,1,1,4,1,0,2,4,2,0,0,1,1,0,0,0,0,0
$HITS,20,10089,32,11196,65,13696,25,20742,32,22405,133,25853,31,36250,57,39302,91,40599,38,46013,47,52509,53,58436,70,59012,58,63906,49,73434,47,76670,25,76852,46,76989,54,85478,58,93570,31
$HIST,110,1425.31,100058.25,21.38,2.66,-33,0,0,0,0,34294,95,23,5,4,0,4,2,1,2,4,2,1,0,3,2,2,0,1,1,0,0,0
$HITS,18,7492,47,12770,55,23218,60,30570,30,38194,189,38991,53,39388,46,41851,247,41865,63,42395,149,52733,57,66682,34,84254,48,84260,62,84610,39,87741,60,88431,32,99208,37
$HIST,111,1437.60,100060.00,21.38,2.66,-33,0,0,0,1,34263,128,23,3,4,6,1,2,2,1,1,2,2,2,0,0,1,0,3,4,0,1,0
$HITS,14,4276,47,5762,39,27044,29,55697,35,56190,64,59047,43,67751,41,73535,36,74598,209,76855,77,89660,29,90445,79,94004,55,95186,26
$HIST,112,1449.88,100046.00,21.38,2.66,-33,0,0,0,1,34288,116,26,3,0,2,3,1,2,0,0,1,1,0,0,1,2,0,0,0,1,0,0
$HITS,16,12837,26,13016,44,21758,176,22063,27,23223,193,24171,29,26855,31,34006,146,35916,38,41011,103,48845,44,63266,71,75174,29,80526,9,86905,32,96924,33
$HIST,113,1462.16,100047.25,21.44,2.66,-33,0,0,0,1,34302,98,28,4,4,2,2,0,0,1,1,3,1,0,0,2,2,0,0,2,2,0,0
$HITS,9,3763,53,5198,83,7746,32,11948,39,24175,182,36605,28,40103,93,40678,76,59546,63
$HIST,114,1474.42,100044.75,21.38,2.66,-33,0,0,0,0,34263,139,31,2,2,1,2,1,0,0,2,0,2,2,0,0,1,1,0,1,0,1,0
$HITS,13,14138,40,19291,55,44084,235,45770,26,49301,225,51254,63,59082,25,61618,60,78008,47,85938,69,90010,53,93570,70,99156,30
$HIST,115,1486.69,100058.25,21.38,2.66,-33,0,0,0,0,34267,112,28,3,3,1,3,0,2,1,4,2,4,2,0,2,1,2,3,1,0,0,1
$HITS,22,2289,34,19411,69,23985,80,27129,25,29535,60,31978,44,33575,39,34794,45,34812,25,35099,30,41736,45,54838,34,55734,73,61388,34,72948,84,73073,37,78648,104,86734,55,95637,189,95681,31,96637,92,99039,128
$HIST,116,1499.0,100059.75,21.38,2.66,-33,0,0,0,2,34297,112,17,3,1,5,1,1,2,2,2,0,1,0,0,1,0,2,0,0,1,2,1
$HITS,11,11453,66,26509,133,30240,70,42838,25,44386,52,49784,77,54946,26,60808,32,63910,35,83411,30,87462,75
$HIST,117,1511.26,100066.00,21.38,2.66,-33,0,0,0,1,34271,113,32,3,2,3,7,1,0,2,4,0,2,0,0,2,3,0,0,0,1,0,1
$HITS,16,4609,71,10148,46,35048,51,35054,77,40804,72,41818,67,44131,237,60555,55,63967,27,65976,26,66231,28,76261,32,81965,53,82086,28,86700,35,93667,196
